rc -0.087265 9.999619 0.000000 0.000000
sleep 0.02
rc -0.261769 9.996573 0.000000 0.000000
sleep 0.02
rc -0.436194 9.990482 0.000000 0.000000
sleep 0.02
rc -0.610485 9.981348 0.000000 0.000000
sleep 0.02
rc -0.784591 9.969173 0.000000 0.000000
sleep 0.02
rc -0.958458 9.953962 0.000000 0.000000
sleep 0.02
rc -1.132032 9.935719 0.000000 0.000000
sleep 0.02
rc -1.305262 9.914449 0.000000 0.000000
sleep 0.02
rc -1.478094 9.890159 0.000000 0.000000
sleep 0.02
rc -1.650476 9.862856 0.000000 0.000000
sleep 0.02
rc -1.822355 9.832549 0.000000 0.000000
sleep 0.02
rc -1.993679 9.799247 0.000000 0.000000
sleep 0.02
rc -2.164396 9.762960 0.000000 0.000000
sleep 0.02
rc -2.334454 9.723699 0.000000 0.000000
sleep 0.02
rc -2.503800 9.681476 0.000000 0.000000
sleep 0.02
rc -2.672384 9.636305 0.000000 0.000000
sleep 0.02
rc -2.840153 9.588197 0.000000 0.000000
sleep 0.02
rc -3.007058 9.537170 0.000000 0.000000
sleep 0.02
rc -3.173047 9.483237 0.000000 0.000000
sleep 0.02
rc -3.338069 9.426415 0.000000 0.000000
sleep 0.02
rc -3.502074 9.366722 0.000000 0.000000
sleep 0.02
rc -3.665012 9.304176 0.000000 0.000000
sleep 0.02
rc -3.826834 9.238795 0.000000 0.000000
sleep 0.02
rc -3.987491 9.170601 0.000000 0.000000
sleep 0.02
rc -4.146932 9.099613 0.000000 0.000000
sleep 0.02
rc -4.305111 9.025853 0.000000 0.000000
sleep 0.02
rc -4.461978 8.949344 0.000000 0.000000
sleep 0.02
rc -4.617486 8.870108 0.000000 0.000000
sleep 0.02
rc -4.771588 8.788171 0.000000 0.000000
sleep 0.02
rc -4.924236 8.703557 0.000000 0.000000
sleep 0.02
rc -5.075384 8.616292 0.000000 0.000000
sleep 0.02
rc -5.224986 8.526402 0.000000 0.000000
sleep 0.02
rc -5.372996 8.433914 0.000000 0.000000
sleep 0.02
rc -5.519370 8.338858 0.000000 0.000000
sleep 0.02
rc -5.664062 8.241262 0.000000 0.000000
sleep 0.02
rc -5.807030 8.141155 0.000000 0.000000
sleep 0.02
rc -5.948228 8.038569 0.000000 0.000000
sleep 0.02
rc -6.087614 7.933533 0.000000 0.000000
sleep 0.02
rc -6.225146 7.826082 0.000000 0.000000
sleep 0.02
rc -6.360782 7.716246 0.000000 0.000000
sleep 0.02
rc -6.494480 7.604060 0.000000 0.000000
sleep 0.02
rc -6.626200 7.489557 0.000000 0.000000
sleep 0.02
rc -6.755902 7.372773 0.000000 0.000000
sleep 0.02
rc -6.883546 7.253744 0.000000 0.000000
sleep 0.02
rc -7.009093 7.132504 0.000000 0.000000
sleep 0.02
rc -7.132504 7.009093 0.000000 0.000000
sleep 0.02
rc -7.253744 6.883546 0.000000 0.000000
sleep 0.02
rc -7.372773 6.755902 0.000000 0.000000
sleep 0.02
rc -7.489557 6.626200 0.000000 0.000000
sleep 0.02
rc -7.604060 6.494480 0.000000 0.000000
sleep 0.02
rc -7.716246 6.360782 0.000000 0.000000
sleep 0.02
rc -7.826082 6.225146 0.000000 0.000000
sleep 0.02
rc -7.933533 6.087614 0.000000 0.000000
sleep 0.02
rc -8.038569 5.948228 0.000000 0.000000
sleep 0.02
rc -8.141155 5.807030 0.000000 0.000000
sleep 0.02
rc -8.241262 5.664062 0.000000 0.000000
sleep 0.02
rc -8.338858 5.519370 0.000000 0.000000
sleep 0.02
rc -8.433914 5.372996 0.000000 0.000000
sleep 0.02
rc -8.526402 5.224986 0.000000 0.000000
sleep 0.02
rc -8.616292 5.075384 0.000000 0.000000
sleep 0.02
rc -8.703557 4.924236 0.000000 0.000000
sleep 0.02
rc -8.788171 4.771588 0.000000 0.000000
sleep 0.02
rc -8.870108 4.617486 0.000000 0.000000
sleep 0.02
rc -8.949344 4.461978 0.000000 0.000000
sleep 0.02
rc -9.025853 4.305111 0.000000 0.000000
sleep 0.02
rc -9.099613 4.146932 0.000000 0.000000
sleep 0.02
rc -9.170601 3.987491 0.000000 0.000000
sleep 0.02
rc -9.238795 3.826834 0.000000 0.000000
sleep 0.02
rc -9.304176 3.665012 0.000000 0.000000
sleep 0.02
rc -9.366722 3.502074 0.000000 0.000000
sleep 0.02
rc -9.426415 3.338069 0.000000 0.000000
sleep 0.02
rc -9.483237 3.173047 0.000000 0.000000
sleep 0.02
rc -9.537170 3.007058 0.000000 0.000000
sleep 0.02
rc -9.588197 2.840153 0.000000 0.000000
sleep 0.02
rc -9.636305 2.672384 0.000000 0.000000
sleep 0.02
rc -9.681476 2.503800 0.000000 0.000000
sleep 0.02
rc -9.723699 2.334454 0.000000 0.000000
sleep 0.02
rc -9.762960 2.164396 0.000000 0.000000
sleep 0.02
rc -9.799247 1.993679 0.000000 0.000000
sleep 0.02
rc -9.832549 1.822355 0.000000 0.000000
sleep 0.02
rc -9.862856 1.650476 0.000000 0.000000
sleep 0.02
rc -9.890159 1.478094 0.000000 0.000000
sleep 0.02
rc -9.914449 1.305262 0.000000 0.000000
sleep 0.02
rc -9.935719 1.132032 0.000000 0.000000
sleep 0.02
rc -9.953962 0.958458 0.000000 0.000000
sleep 0.02
rc -9.969173 0.784591 0.000000 0.000000
sleep 0.02
rc -9.981348 0.610485 0.000000 0.000000
sleep 0.02
rc -9.990482 0.436194 0.000000 0.000000
sleep 0.02
rc -9.996573 0.261769 0.000000 0.000000
sleep 0.02
rc -9.999619 0.087265 0.000000 0.000000
sleep 0.02
rc -9.999619 -0.087265 0.000000 0.000000
sleep 0.02
rc -9.996573 -0.261769 0.000000 0.000000
sleep 0.02
rc -9.990482 -0.436194 0.000000 0.000000
sleep 0.02
rc -9.981348 -0.610485 0.000000 0.000000
sleep 0.02
rc -9.969173 -0.784591 0.000000 0.000000
sleep 0.02
rc -9.953962 -0.958458 0.000000 0.000000
sleep 0.02
rc -9.935719 -1.132032 0.000000 0.000000
sleep 0.02
rc -9.914449 -1.305262 0.000000 0.000000
sleep 0.02
rc -9.890159 -1.478094 0.000000 0.000000
sleep 0.02
rc -9.862856 -1.650476 0.000000 0.000000
sleep 0.02
rc -9.832549 -1.822355 0.000000 0.000000
sleep 0.02
rc -9.799247 -1.993679 0.000000 0.000000
sleep 0.02
rc -9.762960 -2.164396 0.000000 0.000000
sleep 0.02
rc -9.723699 -2.334454 0.000000 0.000000
sleep 0.02
rc -9.681476 -2.503800 0.000000 0.000000
sleep 0.02
rc -9.636305 -2.672384 0.000000 0.000000
sleep 0.02
rc -9.588197 -2.840153 0.000000 0.000000
sleep 0.02
rc -9.537170 -3.007058 0.000000 0.000000
sleep 0.02
rc -9.483237 -3.173047 0.000000 0.000000
sleep 0.02
rc -9.426415 -3.338069 0.000000 0.000000
sleep 0.02
rc -9.366722 -3.502074 0.000000 0.000000
sleep 0.02
rc -9.304176 -3.665012 0.000000 0.000000
sleep 0.02
rc -9.238795 -3.826834 0.000000 0.000000
sleep 0.02
rc -9.170601 -3.987491 0.000000 0.000000
sleep 0.02
rc -9.099613 -4.146932 0.000000 0.000000
sleep 0.02
rc -9.025853 -4.305111 0.000000 0.000000
sleep 0.02
rc -8.949344 -4.461978 0.000000 0.000000
sleep 0.02
rc -8.870108 -4.617486 0.000000 0.000000
sleep 0.02
rc -8.788171 -4.771588 0.000000 0.000000
sleep 0.02
rc -8.703557 -4.924236 0.000000 0.000000
sleep 0.02
rc -8.616292 -5.075384 0.000000 0.000000
sleep 0.02
rc -8.526402 -5.224986 0.000000 0.000000
sleep 0.02
rc -8.433914 -5.372996 0.000000 0.000000
sleep 0.02
rc -8.338858 -5.519370 0.000000 0.000000
sleep 0.02
rc -8.241262 -5.664062 0.000000 0.000000
sleep 0.02
rc -8.141155 -5.807030 0.000000 0.000000
sleep 0.02
rc -8.038569 -5.948228 0.000000 0.000000
sleep 0.02
rc -7.933533 -6.087614 0.000000 0.000000
sleep 0.02
rc -7.826082 -6.225146 0.000000 0.000000
sleep 0.02
rc -7.716246 -6.360782 0.000000 0.000000
sleep 0.02
rc -7.604060 -6.494480 0.000000 0.000000
sleep 0.02
rc -7.489557 -6.626200 0.000000 0.000000
sleep 0.02
rc -7.372773 -6.755902 0.000000 0.000000
sleep 0.02
rc -7.253744 -6.883546 0.000000 0.000000
sleep 0.02
rc -7.132504 -7.009093 0.000000 0.000000
sleep 0.02
rc -7.009093 -7.132504 0.000000 0.000000
sleep 0.02
rc -6.883546 -7.253744 0.000000 0.000000
sleep 0.02
rc -6.755902 -7.372773 0.000000 0.000000
sleep 0.02
rc -6.626200 -7.489557 0.000000 0.000000
sleep 0.02
rc -6.494480 -7.604060 0.000000 0.000000
sleep 0.02
rc -6.360782 -7.716246 0.000000 0.000000
sleep 0.02
rc -6.225146 -7.826082 0.000000 0.000000
sleep 0.02
rc -6.087614 -7.933533 0.000000 0.000000
sleep 0.02
rc -5.948228 -8.038569 0.000000 0.000000
sleep 0.02
rc -5.807030 -8.141155 0.000000 0.000000
sleep 0.02
rc -5.664062 -8.241262 0.000000 0.000000
sleep 0.02
rc -5.519370 -8.338858 0.000000 0.000000
sleep 0.02
rc -5.372996 -8.433914 0.000000 0.000000
sleep 0.02
rc -5.224986 -8.526402 0.000000 0.000000
sleep 0.02
rc -5.075384 -8.616292 0.000000 0.000000
sleep 0.02
rc -4.924236 -8.703557 0.000000 0.000000
sleep 0.02
rc -4.771588 -8.788171 0.000000 0.000000
sleep 0.02
rc -4.617486 -8.870108 0.000000 0.000000
sleep 0.02
rc -4.461978 -8.949344 0.000000 0.000000
sleep 0.02
rc -4.305111 -9.025853 0.000000 0.000000
sleep 0.02
rc -4.146932 -9.099613 0.000000 0.000000
sleep 0.02
rc -3.987491 -9.170601 0.000000 0.000000
sleep 0.02
rc -3.826834 -9.238795 0.000000 0.000000
sleep 0.02
rc -3.665012 -9.304176 0.000000 0.000000
sleep 0.02
rc -3.502074 -9.366722 0.000000 0.000000
sleep 0.02
rc -3.338069 -9.426415 0.000000 0.000000
sleep 0.02
rc -3.173047 -9.483237 0.000000 0.000000
sleep 0.02
rc -3.007058 -9.537170 0.000000 0.000000
sleep 0.02
rc -2.840153 -9.588197 0.000000 0.000000
sleep 0.02
rc -2.672384 -9.636305 0.000000 0.000000
sleep 0.02
rc -2.503800 -9.681476 0.000000 0.000000
sleep 0.02
rc -2.334454 -9.723699 0.000000 0.000000
sleep 0.02
rc -2.164396 -9.762960 0.000000 0.000000
sleep 0.02
rc -1.993679 -9.799247 0.000000 0.000000
sleep 0.02
rc -1.822355 -9.832549 0.000000 0.000000
sleep 0.02
rc -1.650476 -9.862856 0.000000 0.000000
sleep 0.02
rc -1.478094 -9.890159 0.000000 0.000000
sleep 0.02
rc -1.305262 -9.914449 0.000000 0.000000
sleep 0.02
rc -1.132032 -9.935719 0.000000 0.000000
sleep 0.02
rc -0.958458 -9.953962 0.000000 0.000000
sleep 0.02
rc -0.784591 -9.969173 0.000000 0.000000
sleep 0.02
rc -0.610485 -9.981348 0.000000 0.000000
sleep 0.02
rc -0.436194 -9.990482 0.000000 0.000000
sleep 0.02
rc -0.261769 -9.996573 0.000000 0.000000
sleep 0.02
rc -0.087265 -9.999619 0.000000 0.000000
sleep 0.02
rc 0.087265 -9.999619 0.000000 0.000000
sleep 0.02
rc 0.261769 -9.996573 0.000000 0.000000
sleep 0.02
rc 0.436194 -9.990482 0.000000 0.000000
sleep 0.02
rc 0.610485 -9.981348 0.000000 0.000000
sleep 0.02
rc 0.784591 -9.969173 0.000000 0.000000
sleep 0.02
rc 0.958458 -9.953962 0.000000 0.000000
sleep 0.02
rc 1.132032 -9.935719 0.000000 0.000000
sleep 0.02
rc 1.305262 -9.914449 0.000000 0.000000
sleep 0.02
rc 1.478094 -9.890159 0.000000 0.000000
sleep 0.02
rc 1.650476 -9.862856 0.000000 0.000000
sleep 0.02
rc 1.822355 -9.832549 0.000000 0.000000
sleep 0.02
rc 1.993679 -9.799247 0.000000 0.000000
sleep 0.02
rc 2.164396 -9.762960 0.000000 0.000000
sleep 0.02
rc 2.334454 -9.723699 0.000000 0.000000
sleep 0.02
rc 2.503800 -9.681476 0.000000 0.000000
sleep 0.02
rc 2.672384 -9.636305 0.000000 0.000000
sleep 0.02
rc 2.840153 -9.588197 0.000000 0.000000
sleep 0.02
rc 3.007058 -9.537170 0.000000 0.000000
sleep 0.02
rc 3.173047 -9.483237 0.000000 0.000000
sleep 0.02
rc 3.338069 -9.426415 0.000000 0.000000
sleep 0.02
rc 3.502074 -9.366722 0.000000 0.000000
sleep 0.02
rc 3.665012 -9.304176 0.000000 0.000000
sleep 0.02
rc 3.826834 -9.238795 0.000000 0.000000
sleep 0.02
rc 3.987491 -9.170601 0.000000 0.000000
sleep 0.02
rc 4.146932 -9.099613 0.000000 0.000000
sleep 0.02
rc 4.305111 -9.025853 0.000000 0.000000
sleep 0.02
rc 4.461978 -8.949344 0.000000 0.000000
sleep 0.02
rc 4.617486 -8.870108 0.000000 0.000000
sleep 0.02
rc 4.771588 -8.788171 0.000000 0.000000
sleep 0.02
rc 4.924236 -8.703557 0.000000 0.000000
sleep 0.02
rc 5.075384 -8.616292 0.000000 0.000000
sleep 0.02
rc 5.224986 -8.526402 0.000000 0.000000
sleep 0.02
rc 5.372996 -8.433914 0.000000 0.000000
sleep 0.02
rc 5.519370 -8.338858 0.000000 0.000000
sleep 0.02
rc 5.664062 -8.241262 0.000000 0.000000
sleep 0.02
rc 5.807030 -8.141155 0.000000 0.000000
sleep 0.02
rc 5.948228 -8.038569 0.000000 0.000000
sleep 0.02
rc 6.087614 -7.933533 0.000000 0.000000
sleep 0.02
rc 6.225146 -7.826082 0.000000 0.000000
sleep 0.02
rc 6.360782 -7.716246 0.000000 0.000000
sleep 0.02
rc 6.494480 -7.604060 0.000000 0.000000
sleep 0.02
rc 6.626200 -7.489557 0.000000 0.000000
sleep 0.02
rc 6.755902 -7.372773 0.000000 0.000000
sleep 0.02
rc 6.883546 -7.253744 0.000000 0.000000
sleep 0.02
rc 7.009093 -7.132504 0.000000 0.000000
sleep 0.02
rc 7.132504 -7.009093 0.000000 0.000000
sleep 0.02
rc 7.253744 -6.883546 0.000000 0.000000
sleep 0.02
rc 7.372773 -6.755902 0.000000 0.000000
sleep 0.02
rc 7.489557 -6.626200 0.000000 0.000000
sleep 0.02
rc 7.604060 -6.494480 0.000000 0.000000
sleep 0.02
rc 7.716246 -6.360782 0.000000 0.000000
sleep 0.02
rc 7.826082 -6.225146 0.000000 0.000000
sleep 0.02
rc 7.933533 -6.087614 0.000000 0.000000
sleep 0.02
rc 8.038569 -5.948228 0.000000 0.000000
sleep 0.02
rc 8.141155 -5.807030 0.000000 0.000000
sleep 0.02
rc 8.241262 -5.664062 0.000000 0.000000
sleep 0.02
rc 8.338858 -5.519370 0.000000 0.000000
sleep 0.02
rc 8.433914 -5.372996 0.000000 0.000000
sleep 0.02
rc 8.526402 -5.224986 0.000000 0.000000
sleep 0.02
rc 8.616292 -5.075384 0.000000 0.000000
sleep 0.02
rc 8.703557 -4.924236 0.000000 0.000000
sleep 0.02
rc 8.788171 -4.771588 0.000000 0.000000
sleep 0.02
rc 8.870108 -4.617486 0.000000 0.000000
sleep 0.02
rc 8.949344 -4.461978 0.000000 0.000000
sleep 0.02
rc 9.025853 -4.305111 0.000000 0.000000
sleep 0.02
rc 9.099613 -4.146932 0.000000 0.000000
sleep 0.02
rc 9.170601 -3.987491 0.000000 0.000000
sleep 0.02
rc 9.238795 -3.826834 0.000000 0.000000
sleep 0.02
rc 9.304176 -3.665012 0.000000 0.000000
sleep 0.02
rc 9.366722 -3.502074 0.000000 0.000000
sleep 0.02
rc 9.426415 -3.338069 0.000000 0.000000
sleep 0.02
rc 9.483237 -3.173047 0.000000 0.000000
sleep 0.02
rc 9.537170 -3.007058 0.000000 0.000000
sleep 0.02
rc 9.588197 -2.840153 0.000000 0.000000
sleep 0.02
rc 9.636305 -2.672384 0.000000 0.000000
sleep 0.02
rc 9.681476 -2.503800 0.000000 0.000000
sleep 0.02
rc 9.723699 -2.334454 0.000000 0.000000
sleep 0.02
rc 9.762960 -2.164396 0.000000 0.000000
sleep 0.02
rc 9.799247 -1.993679 0.000000 0.000000
sleep 0.02
rc 9.832549 -1.822355 0.000000 0.000000
sleep 0.02
rc 9.862856 -1.650476 0.000000 0.000000
sleep 0.02
rc 9.890159 -1.478094 0.000000 0.000000
sleep 0.02
rc 9.914449 -1.305262 0.000000 0.000000
sleep 0.02
rc 9.935719 -1.132032 0.000000 0.000000
sleep 0.02
rc 9.953962 -0.958458 0.000000 0.000000
sleep 0.02
rc 9.969173 -0.784591 0.000000 0.000000
sleep 0.02
rc 9.981348 -0.610485 0.000000 0.000000
sleep 0.02
rc 9.990482 -0.436194 0.000000 0.000000
sleep 0.02
rc 9.996573 -0.261769 0.000000 0.000000
sleep 0.02
rc 9.999619 -0.087265 0.000000 0.000000
sleep 0.02
rc 9.999619 0.087265 0.000000 0.000000
sleep 0.02
rc 9.996573 0.261769 0.000000 0.000000
sleep 0.02
rc 9.990482 0.436194 0.000000 0.000000
sleep 0.02
rc 9.981348 0.610485 0.000000 0.000000
sleep 0.02
rc 9.969173 0.784591 0.000000 0.000000
sleep 0.02
rc 9.953962 0.958458 0.000000 0.000000
sleep 0.02
rc 9.935719 1.132032 0.000000 0.000000
sleep 0.02
rc 9.914449 1.305262 0.000000 0.000000
sleep 0.02
rc 9.890159 1.478094 0.000000 0.000000
sleep 0.02
rc 9.862856 1.650476 0.000000 0.000000
sleep 0.02
rc 9.832549 1.822355 0.000000 0.000000
sleep 0.02
rc 9.799247 1.993679 0.000000 0.000000
sleep 0.02
rc 9.762960 2.164396 0.000000 0.000000
sleep 0.02
rc 9.723699 2.334454 0.000000 0.000000
sleep 0.02
rc 9.681476 2.503800 0.000000 0.000000
sleep 0.02
rc 9.636305 2.672384 0.000000 0.000000
sleep 0.02
rc 9.588197 2.840153 0.000000 0.000000
sleep 0.02
rc 9.537170 3.007058 0.000000 0.000000
sleep 0.02
rc 9.483237 3.173047 0.000000 0.000000
sleep 0.02
rc 9.426415 3.338069 0.000000 0.000000
sleep 0.02
rc 9.366722 3.502074 0.000000 0.000000
sleep 0.02
rc 9.304176 3.665012 0.000000 0.000000
sleep 0.02
rc 9.238795 3.826834 0.000000 0.000000
sleep 0.02
rc 9.170601 3.987491 0.000000 0.000000
sleep 0.02
rc 9.099613 4.146932 0.000000 0.000000
sleep 0.02
rc 9.025853 4.305111 0.000000 0.000000
sleep 0.02
rc 8.949344 4.461978 0.000000 0.000000
sleep 0.02
rc 8.870108 4.617486 0.000000 0.000000
sleep 0.02
rc 8.788171 4.771588 0.000000 0.000000
sleep 0.02
rc 8.703557 4.924236 0.000000 0.000000
sleep 0.02
rc 8.616292 5.075384 0.000000 0.000000
sleep 0.02
rc 8.526402 5.224986 0.000000 0.000000
sleep 0.02
rc 8.433914 5.372996 0.000000 0.000000
sleep 0.02
rc 8.338858 5.519370 0.000000 0.000000
sleep 0.02
rc 8.241262 5.664062 0.000000 0.000000
sleep 0.02
rc 8.141155 5.807030 0.000000 0.000000
sleep 0.02
rc 8.038569 5.948228 0.000000 0.000000
sleep 0.02
rc 7.933533 6.087614 0.000000 0.000000
sleep 0.02
rc 7.826082 6.225146 0.000000 0.000000
sleep 0.02
rc 7.716246 6.360782 0.000000 0.000000
sleep 0.02
rc 7.604060 6.494480 0.000000 0.000000
sleep 0.02
rc 7.489557 6.626200 0.000000 0.000000
sleep 0.02
rc 7.372773 6.755902 0.000000 0.000000
sleep 0.02
rc 7.253744 6.883546 0.000000 0.000000
sleep 0.02
rc 7.132504 7.009093 0.000000 0.000000
sleep 0.02
rc 7.009093 7.132504 0.000000 0.000000
sleep 0.02
rc 6.883546 7.253744 0.000000 0.000000
sleep 0.02
rc 6.755902 7.372773 0.000000 0.000000
sleep 0.02
rc 6.626200 7.489557 0.000000 0.000000
sleep 0.02
rc 6.494480 7.604060 0.000000 0.000000
sleep 0.02
rc 6.360782 7.716246 0.000000 0.000000
sleep 0.02
rc 6.225146 7.826082 0.000000 0.000000
sleep 0.02
rc 6.087614 7.933533 0.000000 0.000000
sleep 0.02
rc 5.948228 8.038569 0.000000 0.000000
sleep 0.02
rc 5.807030 8.141155 0.000000 0.000000
sleep 0.02
rc 5.664062 8.241262 0.000000 0.000000
sleep 0.02
rc 5.519370 8.338858 0.000000 0.000000
sleep 0.02
rc 5.372996 8.433914 0.000000 0.000000
sleep 0.02
rc 5.224986 8.526402 0.000000 0.000000
sleep 0.02
rc 5.075384 8.616292 0.000000 0.000000
sleep 0.02
rc 4.924236 8.703557 0.000000 0.000000
sleep 0.02
rc 4.771588 8.788171 0.000000 0.000000
sleep 0.02
rc 4.617486 8.870108 0.000000 0.000000
sleep 0.02
rc 4.461978 8.949344 0.000000 0.000000
sleep 0.02
rc 4.305111 9.025853 0.000000 0.000000
sleep 0.02
rc 4.146932 9.099613 0.000000 0.000000
sleep 0.02
rc 3.987491 9.170601 0.000000 0.000000
sleep 0.02
rc 3.826834 9.238795 0.000000 0.000000
sleep 0.02
rc 3.665012 9.304176 0.000000 0.000000
sleep 0.02
rc 3.502074 9.366722 0.000000 0.000000
sleep 0.02
rc 3.338069 9.426415 0.000000 0.000000
sleep 0.02
rc 3.173047 9.483237 0.000000 0.000000
sleep 0.02
rc 3.007058 9.537170 0.000000 0.000000
sleep 0.02
rc 2.840153 9.588197 0.000000 0.000000
sleep 0.02
rc 2.672384 9.636305 0.000000 0.000000
sleep 0.02
rc 2.503800 9.681476 0.000000 0.000000
sleep 0.02
rc 2.334454 9.723699 0.000000 0.000000
sleep 0.02
rc 2.164396 9.762960 0.000000 0.000000
sleep 0.02
rc 1.993679 9.799247 0.000000 0.000000
sleep 0.02
rc 1.822355 9.832549 0.000000 0.000000
sleep 0.02
rc 1.650476 9.862856 0.000000 0.000000
sleep 0.02
rc 1.478094 9.890159 0.000000 0.000000
sleep 0.02
rc 1.305262 9.914449 0.000000 0.000000
sleep 0.02
rc 1.132032 9.935719 0.000000 0.000000
sleep 0.02
rc 0.958458 9.953962 0.000000 0.000000
sleep 0.02
rc 0.784591 9.969173 0.000000 0.000000
sleep 0.02
rc 0.610485 9.981348 0.000000 0.000000
sleep 0.02
rc 0.436194 9.990482 0.000000 0.000000
sleep 0.02
rc 0.261769 9.996573 0.000000 0.000000
sleep 0.02
rc 0.087265 9.999619 0.000000 0.000000
sleep 0.02
